grass,13069155575331304978,39.470501,-1.764145,-22.218119,0.000000,0.000000,0.000000
grass,2697023003387480035,34.617863,-3.813251,-28.456318,0.000000,0.000000,0.000000
grass,2680412081235085171,33.636566,-3.945785,-31.039181,0.000000,0.000000,0.000000
grass,12395423224628631462,31.672237,-3.784969,-32.438286,0.000000,0.000000,0.000000
grass,3484089392728895629,39.821198,-1.823313,-22.820280,0.000000,0.000000,0.000000
grass,8550029048453858226,39.246162,-1.857875,-22.392132,0.000000,0.000000,0.000000
grass,16475540804514187794,32.004456,-2.706908,-23.502907,0.000000,0.000000,0.000000
grass,11174975712544899642,29.079647,-3.057385,-26.328484,0.000000,0.000000,0.000000
grass,14871833952036218716,34.140598,-4.091905,-32.462059,0.000000,0.000000,0.000000
grass,10826991208054493912,36.500519,-2.784810,-23.390642,0.000000,0.000000,0.000000
grass,1638845482883399914,36.723110,-2.456466,-22.551537,0.000000,0.000000,0.000000
grass,8890206986627506503,38.856071,-1.743396,-21.587469,0.000000,0.000000,0.000000
grass,1277002460537970473,39.290520,-1.839343,-22.357727,0.000000,0.000000,0.000000
grass,16731961385584219788,18.575235,-3.221778,-19.008898,0.000000,0.000000,0.000000
grass,7766822907873237865,16.576767,-3.702536,-23.201736,0.000000,0.000000,0.000000
grass,11162059481928215865,30.978794,-3.348655,-34.497009,0.000000,0.000000,0.000000
grass,6663074498675893535,31.613419,-3.306692,-35.309975,0.000000,0.000000,0.000000
grass,3264038463094005758,30.236044,-2.465152,-37.339432,0.000000,0.000000,0.000000
grass,15901400588029136704,39.378117,-1.802744,-22.289780,0.000000,0.000000,0.000000
grass,1348722605991225839,28.495939,-2.709586,-35.153465,0.000000,0.000000,0.000000
grass,12635539840163057319,30.538763,-1.763405,-47.411415,0.000000,0.000000,0.000000
grass,4205021401300432804,29.041683,-1.759375,-39.586990,0.000000,0.000000,0.000000
grass,10794709364908895650,27.154003,-1.805582,-38.306557,0.000000,0.000000,0.000000
grass,4674707700732722371,20.777901,0.192834,-39.736389,0.000000,0.000000,0.000000
grass,8686101940526309282,21.615038,-0.090507,-39.787903,0.000000,0.000000,0.000000
grass,17665979361040919777,26.670729,-1.050961,-45.237556,0.000000,0.000000,0.000000
grass,983800866606748830,27.172230,-1.040524,-46.456589,0.000000,0.000000,0.000000
grass,11648443151338086681,26.705015,-1.045189,-45.320900,0.000000,0.000000,0.000000
grass,8298068579785049225,31.424503,-0.967822,-98.434830,0.000000,0.000000,0.000000
grass,16320949888064960409,37.301567,-0.407477,-71.338013,0.000000,0.000000,0.000000
grass,16300850309033751374,37.068989,-0.205682,-72.410347,0.000000,0.000000,0.000000
grass,13522438888508468772,43.818619,1.007436,-183.149780,0.000000,0.000000,0.000000
grass,3574689961787218729,44.186268,-0.053451,-187.884033,0.000000,0.000000,0.000000
grass,13504162967761783232,106.572281,-2.913834,-138.005188,0.000000,0.000000,0.000000
grass,15302229547736873534,109.469719,-1.135055,-140.721436,0.000000,0.000000,0.000000
grass,18343128529644786496,112.045593,-0.171204,-141.999725,0.000000,0.000000,0.000000
grass,7009080399041168427,103.947113,-3.705882,-135.775772,0.000000,0.000000,0.000000
grass,1037850266954177015,102.438248,-3.286007,-133.477020,0.000000,0.000000,0.000000
grass,9170837459975159184,101.767868,-2.235147,-130.755539,0.000000,0.000000,0.000000
grass,2349289924140811277,101.623680,-1.647802,-129.043335,0.000000,0.000000,0.000000
grass,6596520945647200219,101.777145,-0.907351,-126.212486,0.000000,0.000000,0.000000
grass,302229486116842489,122.567337,-3.804798,-87.840782,0.000000,0.000000,0.000000
grass,14210220069475164545,39.570206,-1.722488,-22.140779,0.000000,0.000000,0.000000
grass,11531137469650226337,24.522299,-1.066105,-40.005005,0.000000,0.000000,0.000000
grass,6045158244277066777,22.615015,0.077055,-43.845871,0.000000,0.000000,0.000000
grass,16004097854341055484,39.625141,-1.699535,-22.098167,0.000000,0.000000,0.000000
grass,13548598841421043725,39.006901,-1.957840,-22.577723,0.000000,0.000000,0.000000
grass,10363731884236120227,39.328247,-1.823580,-22.328461,0.000000,0.000000,0.000000
grass,17208983449548362374,39.529514,-1.739489,-22.172344,0.000000,0.000000,0.000000
grass,8821508447312147788,37.912407,-0.524012,-23.426699,0.000000,0.000000,0.000000
grass,8360313448360631216,37.984200,-0.548324,-23.371010,0.000000,0.000000,0.000000
grass,13816530162577904731,38.028885,-0.556660,-23.336348,0.000000,0.000000,0.000000
grass,14872756235340808836,29.321690,-1.232574,-32.620262,0.000000,0.000000,0.000000
grass,5921723175239463500,26.102955,-1.885842,-34.367390,0.000000,0.000000,0.000000
grass,4367065025441108979,28.591091,0.711929,-49.369205,0.000000,0.000000,0.000000
grass,11296575503388800010,30.934013,1.389143,-52.428345,0.000000,0.000000,0.000000
grass,8421201236919488389,24.020744,-0.220721,-48.396870,0.000000,0.000000,0.000000
grass,8112616217127813541,37.844379,-0.500976,-23.479465,0.000000,0.000000,0.000000
grass,14052547259479502613,37.763512,-0.473592,-23.542192,0.000000,0.000000,0.000000
grass,3736583841260586781,33.192429,0.422104,-27.087879,0.000000,0.000000,0.000000
grass,4515294177598130240,42.486038,1.585000,-28.972494,0.000000,0.000000,0.000000
grass,2695560577825669631,37.718227,-0.458257,-23.577318,0.000000,0.000000,0.000000
grass,6828267377128804583,27.263584,-1.320888,-37.008865,0.000000,0.000000,0.000000
grass,2623740869250390351,28.114107,0.407492,-45.867729,0.000000,0.000000,0.000000
grass,9275523863792249156,24.995913,-0.365403,-56.398159,0.000000,0.000000,0.000000
grass,3321127332245099332,27.478977,0.901298,-62.161022,0.000000,0.000000,0.000000
grass,17427927295062046279,29.456209,1.400910,-66.495308,0.000000,0.000000,0.000000
grass,8269503769591493449,30.498766,2.596060,-70.391624,0.000000,0.000000,0.000000
grass,14156458628918291163,31.883381,3.752201,-73.510323,0.000000,0.000000,0.000000
grass,1518560830328108073,30.861637,4.266397,-75.764374,0.000000,0.000000,0.000000
grass,12814717887415722432,24.527773,-0.497862,-55.740398,0.000000,0.000000,0.000000
grass,7083800304426068148,22.300770,-0.860021,-54.889050,0.000000,0.000000,0.000000
grass,9403560751726506744,37.909466,-0.523016,-23.428980,0.000000,0.000000,0.000000
grass,8860812641052132618,19.153315,-0.313982,-41.918369,0.000000,0.000000,0.000000
grass,17980272275019171787,21.476988,-0.697255,-39.093987,0.000000,0.000000,0.000000
grass,1123778224858805152,21.457741,-0.569211,-40.330856,0.000000,0.000000,0.000000
grass,15250154456577237901,21.728045,-0.647060,-39.735756,0.000000,0.000000,0.000000
grass,10837274068530367995,21.071571,-0.615009,-40.187626,0.000000,0.000000,0.000000
grass,12477891873040047227,20.345881,-0.519992,-39.826641,0.000000,0.000000,0.000000
grass,16323406357696011485,19.834614,-0.475951,-39.160824,0.000000,0.000000,0.000000
grass,8451684372494075436,34.604336,2.704335,-70.697060,0.000000,0.000000,0.000000
grass,16998209600965805584,32.798454,3.552793,-72.874298,0.000000,0.000000,0.000000
grass,13123487841876976095,31.525234,3.632248,-72.949623,0.000000,0.000000,0.000000
grass,9674809683446956917,29.790916,4.143027,-74.905243,0.000000,0.000000,0.000000
grass,1827415614964434316,29.617851,4.583236,-76.537674,0.000000,0.000000,0.000000
grass,17539374564698936757,30.028568,4.755314,-77.948730,0.000000,0.000000,0.000000
grass,13780249523607791546,27.707355,4.450381,-76.011864,0.000000,0.000000,0.000000
grass,5321915562309964674,28.294849,4.080314,-74.727554,0.000000,0.000000,0.000000
grass,14064687476243501389,27.667532,2.343321,-70.583565,0.000000,0.000000,0.000000
grass,2722106373031050216,26.151251,1.115211,-66.676788,0.000000,0.000000,0.000000
grass,15737129345539388691,26.742075,1.234661,-66.626266,0.000000,0.000000,0.000000
grass,2564915822714642106,27.505461,1.327858,-66.893394,0.000000,0.000000,0.000000
grass,18397597353000792220,23.924000,-2.011079,-32.253830,0.000000,0.000000,0.000000
grass,8030373387589886763,28.389103,-1.459905,-32.076500,0.000000,0.000000,0.000000
grass,6785936319084364059,37.797359,-0.485054,-23.515938,0.000000,0.000000,0.000000
grass,10580466015275848359,37.926533,-0.528796,-23.415741,0.000000,0.000000,0.000000
grass,5921979925841248209,30.561911,-0.784955,-32.295940,0.000000,0.000000,0.000000
grass,16656702493216108900,25.762070,-2.086815,-30.880322,0.000000,0.000000,0.000000
grass,2132364598716265322,20.581686,-0.143966,-43.276299,0.000000,0.000000,0.000000
grass,15354056581442896601,25.973965,-0.240189,-43.229195,0.000000,0.000000,0.000000
grass,13461222017704588662,26.391342,-0.796660,-40.364197,0.000000,0.000000,0.000000
grass,17437228550158330042,20.989588,-0.644610,-37.701485,0.000000,0.000000,0.000000
grass,17414801323841473542,48.465199,1.902086,-49.936680,0.000000,0.000000,0.000000
grass,6753134910634388266,50.200268,1.222811,-50.505306,0.000000,0.000000,0.000000
grass,1013582322704695272,52.716309,0.394856,-51.711124,0.000000,0.000000,0.000000
grass,10830547804397880199,48.831398,-0.136076,-61.656643,0.000000,0.000000,0.000000
grass,13400942466104355808,47.758095,-0.188329,-61.858883,0.000000,0.000000,0.000000
grass,15069057772534302609,46.764305,1.656637,-54.562840,0.000000,0.000000,0.000000
grass,1296297899406727844,46.012783,2.762199,-50.497879,0.000000,0.000000,0.000000
grass,7104357044390189275,32.137672,-1.218201,-22.572645,0.000000,0.000000,0.000000
grass,11137913512750646749,33.694977,-1.275914,-22.551577,0.000000,0.000000,0.000000
grass,6122785417654116484,37.980709,-0.547143,-23.373716,0.000000,0.000000,0.000000
grass,2599361766012588140,35.012295,-0.998349,-23.253508,0.000000,0.000000,0.000000
grass,9261859344130611786,37.742542,-0.466491,-23.558458,0.000000,0.000000,0.000000
grass,377466887923558890,37.943878,-0.534670,-23.402287,0.000000,0.000000,0.000000
grass,3422600770432746325,35.356281,-1.899261,-19.774981,0.000000,0.000000,0.000000
grass,11986844972541162612,37.938530,-0.532860,-23.406433,0.000000,0.000000,0.000000
grass,13007686525593399997,36.148235,-1.094740,-22.682158,0.000000,0.000000,0.000000
grass,16868829604722902493,30.805370,0.161801,-41.729591,0.000000,0.000000,0.000000
grass,10258618774364539087,26.185392,0.220093,-47.812397,0.000000,0.000000,0.000000
grass,14149940022178474487,26.242350,0.367800,-59.313141,0.000000,0.000000,0.000000
grass,2914633080732002904,34.142799,2.008529,-68.286247,0.000000,0.000000,0.000000
grass,17942894736681599455,27.098221,0.369272,-58.770290,0.000000,0.000000,0.000000
grass,9951928117624292628,37.862495,-0.507111,-23.465412,0.000000,0.000000,0.000000
grass,9625769784895924179,37.990616,-0.550497,-23.366032,0.000000,0.000000,0.000000
grass,11985132094485911473,37.701229,-0.452502,-23.590502,0.000000,0.000000,0.000000
grass,1154796547001092163,34.966728,-1.297752,-22.489700,0.000000,0.000000,0.000000
grass,16191882390316952793,37.836277,-0.498232,-23.485750,0.000000,0.000000,0.000000
grass,17525724893517218309,33.725143,-1.318971,-22.429581,0.000000,0.000000,0.000000
grass,11918609701374252574,37.985363,-0.548718,-23.370108,0.000000,0.000000,0.000000
grass,10111584822474056803,28.565781,-1.200200,-21.932039,0.000000,0.000000,0.000000
grass,598921107861743336,36.346241,-1.790954,-20.138447,0.000000,0.000000,0.000000
grass,16759548136648620874,36.256325,-1.791448,-20.136345,0.000000,0.000000,0.000000
grass,9216015329030293429,38.102688,-0.564285,-23.279102,0.000000,0.000000,0.000000
grass,16328723134225810527,19.585768,-0.472752,-47.052082,0.000000,0.000000,0.000000
grass,11203101134874277782,22.319416,-0.365093,-48.461353,0.000000,0.000000,0.000000
grass,974567616134597357,20.648499,-0.481601,-47.945301,0.000000,0.000000,0.000000
grass,13385519471205830550,18.084055,-0.473123,-45.605606,0.000000,0.000000,0.000000
grass,7033725096466551235,20.567904,-0.223077,-46.396149,0.000000,0.000000,0.000000
grass,5101937773546322467,21.167547,-0.175551,-46.159725,0.000000,0.000000,0.000000
grass,7275395573417619249,24.629644,0.053857,-45.022045,0.000000,0.000000,0.000000
grass,9533046405215870860,21.961269,-0.261638,-42.350159,0.000000,0.000000,0.000000
grass,518704845595463642,38.016186,-0.555347,-23.346199,0.000000,0.000000,0.000000
grass,4861320709351530998,32.259811,-0.040863,-30.683479,0.000000,0.000000,0.000000
grass,2691114293193072964,28.100931,-1.053852,-38.441322,0.000000,0.000000,0.000000
grass,11223916195074574827,23.182976,-0.773739,-39.923218,0.000000,0.000000,0.000000
grass,16705032736382335327,21.471651,-0.703582,-39.040375,0.000000,0.000000,0.000000
grass,11848763469719238741,20.817863,-0.221525,-46.382957,0.000000,0.000000,0.000000
grass,5929359844391406949,23.032730,-0.756847,-50.998657,0.000000,0.000000,0.000000
grass,3547961384227451459,24.750948,-0.625930,-53.428650,0.000000,0.000000,0.000000
grass,12074045293577785644,27.158354,-0.081964,-55.513397,0.000000,0.000000,0.000000
grass,5595194707608493529,28.479706,0.334257,-56.690880,0.000000,0.000000,0.000000
grass,5632479820995972816,30.240480,0.792999,-58.042591,0.000000,0.000000,0.000000
grass,2126848003707917140,32.848457,0.882354,-61.654812,0.000000,0.000000,0.000000
grass,14325801817425814673,35.148430,1.587997,-67.382133,0.000000,0.000000,0.000000
grass,59360818567503050,35.500298,2.918551,-71.769424,0.000000,0.000000,0.000000
grass,10581591131285621986,35.784111,2.627410,-70.872360,0.000000,0.000000,0.000000
grass,1798119026458115703,34.826252,3.133067,-71.985771,0.000000,0.000000,0.000000
grass,7435909538262628880,35.865910,2.992939,-72.335899,0.000000,0.000000,0.000000
grass,4833043664592751737,23.619650,-1.399913,-36.229843,0.000000,0.000000,0.000000
grass,2046007326202314839,23.647343,-1.358671,-36.446663,0.000000,0.000000,0.000000
grass,9626244238901307382,23.645876,-1.360857,-36.435169,0.000000,0.000000,0.000000
